0.6492489659547805
0.6136677688288689
0.594956362183094
0.578349222471714
0.5593266145825386
0.5450528893756866
0.5284381343507767
0.5079484946322441
0.4899886562013626
0.47241726046800614
0.45955543194293974
0.445148952767849
0.4382056561732292
0.43213566042900087
0.4269627692437172
0.4204384237241745
0.4145624490404129
0.4143668351089954
0.4077283986592293
0.4030864073574543
0.39947585714221
0.39360103516459466
0.38916696296811104
0.39019402285337446
0.38274085845828054
0.3754195480644703
0.37240157153129577
0.37031184958577157
0.36086839415192606
0.35810441719532016
0.3530580924808979
0.35140754372358324
0.34570338095664976
0.34451869725704193
0.3442678874993324
0.3390950365889072
0.3399147646009922
0.33724917565703394
0.33552166434764863
0.32918249018788337
0.3249118769168854
0.3269169955956936
0.3187568456494808
0.31273350235939024
0.31733947009444236
0.3204622702336311
0.3161937961220741
0.31765507110476493
0.31020742890417574
0.3114272415077686
0.30634918442726133
0.30484934873104097
0.3082802666324377
0.30756420123815537
0.3020831489646435
0.3065503134381771
0.29597531636714935
0.3011223928463459
0.2910896848016977
0.2993296739858389
0.2961682899904251
0.28804576837360857
0.21126594292104245
0.1969662490195036
0.1916116663134098
0.18798251299977303
0.1849886380454898
0.18223993294656277
0.17966464776933194
0.1776645452952385
0.1752621365377307
0.17323953526288272
0.171209037283957
0.16936591815024615
0.16706525189191104
0.16503935804188252
0.1632807925015688
0.1611671207559109
0.1596159657689929
0.15749966096997262
0.1557052226549387
0.15356726771503687
0.1519395495069027
0.15010610519945622
0.1363800865417719
0.13286705268263818
0.13135014121264219
0.13031411272227764
0.12943540143609047
0.12866274796158075
0.1279779630486667
0.12731461767047644
0.1267069528183341
0.12610659857392312
