0.6545287457180023
0.6301563442293803
0.6194798806556066
0.608255297123591
0.5971648141590754
0.5852229413493474
0.5686314152590434
0.5539365299574535
0.5400521579551697
0.5280699482568105
0.5200277665519715
0.5157017984231314
0.5105473748064041
0.5064182112677892
0.5006522154172262
0.4977059900824229
0.49409133756637574
0.48897287783940635
0.48642462737719216
0.4832179714679718
0.48010909748236336
0.4786708304055532
0.47371516352971393
0.4729694104019801
0.46886123106797534
0.4678792973915736
0.4655410655991236
0.46489735858599346
0.4627675706911087
0.46066698528925576
0.45886454672813415
0.45611508805274964
0.45390477653662364
0.4530546280781428
0.45172223120530447
0.44977369623502095
0.4490239904944102
0.44749367606163026
0.4460506003665924
0.44548255183060964
0.44430049159844714
0.4431281261603037
0.44114294806321463
0.44087538980007174
0.44016189347902934
0.4371132951958974
0.43578399173577625
0.4371052173026403
0.43695689379374186
0.4335008103481929
0.43319132050116854
0.43107897578716275
0.4302313342833519
0.4312017355235418
0.4295815768790245
0.429750270263354
0.42602698407411577
0.3830963433829943
0.37386892852465314
0.36947401284217835
0.365990727306207
0.363008689994812
0.3603310196963946
0.35772116235256196
0.354989826725324
0.3524638302739461
0.350088049214681
0.34762775577704114
0.3452697044094404
0.3428439634458224
0.3294337950317065
0.3262877236286799
0.3248797345972061
0.32388079960266747
0.323008895046711
0.3222456249054273
0.3215271822698911
0.32083858873526255
0.3202075334040324
