0.6648084693511327
0.649783788673083
0.6375019359191259
0.6307109703302384
0.6268006183385849
0.6217167227904001
0.6174850372711818
0.6128016919136048
0.60686975872914
0.6021143507242203
0.5961448185324669
0.5890424951473872
0.5801613347450892
0.5713566365917524
0.561134678987662
0.5542660823464394
0.5455164410511653
0.5399689655661583
0.5339439790487289
0.5284196376681328
0.5245097716927528
0.5226764358758926
0.5184871821125349
0.5132608395854632
0.5133030254761378
0.5093649893720945
0.5063312238017718
0.5044454314351082
0.5021603996356329
0.49766452978452047
0.4999252301534017
0.49328637216885884
0.49103593740860624
0.4899629705548286
0.48817007387081784
0.48367149705489476
0.4802005350748698
0.48108968028624854
0.47611905041535696
0.472784808520476
0.4699502323150635
0.46490353365341824
0.46630139434337614
0.46640565052032473
0.4597195096731186
0.4577185542464256
0.4588966851035754
0.4538054597576459
0.45217744904955226
0.45205287596384686
0.4538920852343241
0.4493029738068581
0.4464627353310585
0.4407080077409744
0.363485919123888
0.33686873387098315
0.32482552669445675
0.31581460129419964
0.3081093533198039
0.3015613683660825
0.29516259056329724
0.28925180638631187
0.28373751998941105
0.27844010139803094
0.27357127216855687
0.26873059627612433
0.2513448455790679
